[gd_scene load_steps=10 format=3 uid="uid://r402vijoeba7"]

[ext_resource type="PackedScene" uid="uid://cyt583hcsrcd6" path="res://assets/player/player.tscn" id="1_qyo8s"]
[ext_resource type="Texture2D" uid="uid://pghykqquhejb" path="res://assets/tracks/track.png" id="1_xjyhb"]
[ext_resource type="PackedScene" uid="uid://cjfc43cl10fic" path="res://assets/checkpoint/checkpoint.tscn" id="2_c5se0"]
[ext_resource type="Texture2D" uid="uid://cmpmi64kf0d6q" path="res://assets/tracks/trees.png" id="2_hp1p2"]
[ext_resource type="Script" path="res://assets/tracks/tree.gd" id="3_2s0e2"]
[ext_resource type="PackedScene" uid="uid://di03iqwcgbsrr" path="res://assets/cpu/cpu.tscn" id="5_6idas"]
[ext_resource type="PackedScene" uid="uid://dm54qv4g40fkt" path="res://assets/pickup/pickup.tscn" id="8_oemqt"]

[sub_resource type="WorldBoundaryShape3D" id="WorldBoundaryShape3D_l3c5k"]

[sub_resource type="BoxShape3D" id="BoxShape3D_41vwm"]
size = Vector3(1.91602, 1, 0.249512)

[node name="GrayBox" type="Node3D"]

[node name="GroundPlane" type="StaticBody3D" parent="."]

[node name="CollisionShape3D" type="CollisionShape3D" parent="GroundPlane"]
shape = SubResource("WorldBoundaryShape3D_l3c5k")

[node name="Ground" type="Sprite3D" parent="."]
transform = Transform3D(1, 0, 0, 0, -4.37114e-08, 1, 0, -1, -4.37114e-08, 0, 0, 0)
pixel_size = 0.1
transparent = false
texture_filter = 0
texture = ExtResource("1_xjyhb")

[node name="Checkpoints" type="Node3D" parent="."]

[node name="Checkpoint" parent="Checkpoints" instance=ExtResource("2_c5se0")]
transform = Transform3D(-5.96046e-08, 0, -1, 0, 1, 0, 1, 0, -5.96046e-08, 3.23562, 0, -1.05788)

[node name="CollisionShape3D" type="CollisionShape3D" parent="Checkpoints/Checkpoint"]
transform = Transform3D(0.999991, 0, 5.40012e-13, 0, 1, 0, -5.40012e-13, 0, 0.999991, 0, 0.5, 0)
shape = SubResource("BoxShape3D_41vwm")

[node name="Checkpoint2" parent="Checkpoints" instance=ExtResource("2_c5se0")]
transform = Transform3D(1, 0, -1.58933e-08, 0, 1, 0, 1.58933e-08, 0, 1, 5.79707, 0, -3.29571)

[node name="CollisionShape3D" type="CollisionShape3D" parent="Checkpoints/Checkpoint2"]
transform = Transform3D(0.999991, 0, 5.40012e-13, 0, 1, 0, -5.40012e-13, 0, 0.999991, 0, 0.5, 0)
shape = SubResource("BoxShape3D_41vwm")

[node name="Checkpoint3" parent="Checkpoints" instance=ExtResource("2_c5se0")]
transform = Transform3D(-2.78181e-08, 0, 1, 0, 1, 0, -1, 0, -2.78181e-08, 2.16481, 0, -5.9215)

[node name="CollisionShape3D" type="CollisionShape3D" parent="Checkpoints/Checkpoint3"]
transform = Transform3D(0.999991, 0, 5.40012e-13, 0, 1, 0, -5.40012e-13, 0, 0.999991, 0, 0.5, 0)
shape = SubResource("BoxShape3D_41vwm")

[node name="Checkpoint4" parent="Checkpoints" instance=ExtResource("2_c5se0")]
transform = Transform3D(-2.78181e-08, 0, 1, 0, 1, 0, -1, 0, -2.78181e-08, -2.0986, 0, -6.13402)

[node name="CollisionShape3D" type="CollisionShape3D" parent="Checkpoints/Checkpoint4"]
transform = Transform3D(0.999991, 0, 5.40012e-13, 0, 1, 0, -5.40012e-13, 0, 0.999991, 0, 0.5, 0)
shape = SubResource("BoxShape3D_41vwm")

[node name="Checkpoint5" parent="Checkpoints" instance=ExtResource("2_c5se0")]
transform = Transform3D(-0.707107, 0, 0.707107, 0, 1, 0, -0.707107, 0, -0.707107, -4.96738, 0, -4.74224)

[node name="CollisionShape3D" type="CollisionShape3D" parent="Checkpoints/Checkpoint5"]
transform = Transform3D(0.999991, 0, 5.40012e-13, 0, 1, 0, -5.40012e-13, 0, 0.999991, 0, 0.5, 0)
shape = SubResource("BoxShape3D_41vwm")

[node name="Checkpoint6" parent="Checkpoints" instance=ExtResource("2_c5se0")]
transform = Transform3D(-0.963106, 0, 0.269121, 0, 1, 0, -0.269121, 0, -0.963106, -6.53874, 0, -0.512274)

[node name="CollisionShape3D" type="CollisionShape3D" parent="Checkpoints/Checkpoint6"]
transform = Transform3D(0.999991, 0, 5.40012e-13, 0, 1, 0, -5.40012e-13, 0, 0.999991, 0, 0.5, 0)
shape = SubResource("BoxShape3D_41vwm")

[node name="Checkpoint7" parent="Checkpoints" instance=ExtResource("2_c5se0")]
transform = Transform3D(-0.956656, 0, -0.29122, 0, 1, 0, 0.29122, 0, -0.956656, -6.68662, 0, 4.05711)

[node name="CollisionShape3D" type="CollisionShape3D" parent="Checkpoints/Checkpoint7"]
transform = Transform3D(0.999991, 0, 5.40012e-13, 0, 1, 0, -5.40012e-13, 0, 0.999991, 0, 0.5, 0)
shape = SubResource("BoxShape3D_41vwm")

[node name="Checkpoint8" parent="Checkpoints" instance=ExtResource("2_c5se0")]
transform = Transform3D(-0.217138, 0, -0.976141, 0, 1, 0, 0.976141, 0, -0.217138, -4.48334, 0, 6.11198)

[node name="CollisionShape3D" type="CollisionShape3D" parent="Checkpoints/Checkpoint8"]
transform = Transform3D(0.999991, 0, 5.40012e-13, 0, 1, 0, -5.40012e-13, 0, 0.999991, 0, 0.5, 0)
shape = SubResource("BoxShape3D_41vwm")

[node name="Checkpoint9" parent="Checkpoints" instance=ExtResource("2_c5se0")]
transform = Transform3D(0.891481, 0, -0.453057, 0, 1, 0, 0.453057, 0, 0.891481, -2.32412, 0, 5.06043)

[node name="CollisionShape3D" type="CollisionShape3D" parent="Checkpoints/Checkpoint9"]
transform = Transform3D(0.999991, 0, 5.40012e-13, 0, 1, 0, -5.40012e-13, 0, 0.999991, 0, 0.5, 0)
shape = SubResource("BoxShape3D_41vwm")

[node name="Checkpoint10" parent="Checkpoints" instance=ExtResource("2_c5se0")]
transform = Transform3D(-0.686517, 0, -0.727114, 0, 1, 0, 0.727114, 0, -0.686517, 0.205905, 0, 5.05751)

[node name="CollisionShape3D" type="CollisionShape3D" parent="Checkpoints/Checkpoint10"]
transform = Transform3D(0.999991, 0, 5.40012e-13, 0, 1, 0, -5.40012e-13, 0, 0.999991, 0, 0.5, 0)
shape = SubResource("BoxShape3D_41vwm")

[node name="Checkpoint14" parent="Checkpoints" instance=ExtResource("2_c5se0")]
transform = Transform3D(-0.230984, 0, -0.972957, 0, 1, 0, 0.972957, 0, -0.230984, 2.35127, 0, 6.44919)

[node name="CollisionShape3D" type="CollisionShape3D" parent="Checkpoints/Checkpoint14"]
transform = Transform3D(0.999991, 0, 5.40012e-13, 0, 1, 0, -5.40012e-13, 0, 0.999991, 0, 0.5, 0)
shape = SubResource("BoxShape3D_41vwm")

[node name="Checkpoint12" parent="Checkpoints" instance=ExtResource("2_c5se0")]
transform = Transform3D(0.814541, 0, 0.580106, 0, 1, 0, -0.580106, 0, 0.814541, 4.33971, 0, 3.44799)

[node name="CollisionShape3D" type="CollisionShape3D" parent="Checkpoints/Checkpoint12"]
transform = Transform3D(0.999991, 0, 5.40012e-13, 0, 1, 0, -5.40012e-13, 0, 0.999991, 0, 0.5, 0)
shape = SubResource("BoxShape3D_41vwm")

[node name="Checkpoint13" parent="Checkpoints" instance=ExtResource("2_c5se0")]
transform = Transform3D(0.977592, 0, 0.210506, 0, 1, 0, -0.210506, 0, 0.977592, 1.76022, 0, 0.649881)

[node name="CollisionShape3D" type="CollisionShape3D" parent="Checkpoints/Checkpoint13"]
transform = Transform3D(0.999991, 0, 5.40012e-13, 0, 1, 0, -5.40012e-13, 0, 0.999991, 0, 0.5, 0)
shape = SubResource("BoxShape3D_41vwm")

[node name="Trees" type="Node3D" parent="."]

[node name="Tree" type="Sprite3D" parent="Trees"]
transform = Transform3D(1, 0, 0, 0, 1, 0, 0, 0, 1, 0, 0.328891, -7.07267)
billboard = 2
texture_filter = 0
texture = ExtResource("2_hp1p2")
hframes = 2
script = ExtResource("3_2s0e2")

[node name="Tree2" type="Sprite3D" parent="Trees"]
transform = Transform3D(1, 0, 0, 0, 1, 0, 0, 0, 1, 0.762948, 0.328891, -8.053)
billboard = 2
texture_filter = 0
texture = ExtResource("2_hp1p2")
hframes = 2
script = ExtResource("3_2s0e2")

[node name="Tree3" type="Sprite3D" parent="Trees"]
transform = Transform3D(1, 0, 0, 0, 1, 0, 0, 0, 1, 0.762948, 0.328891, -4.33437)
billboard = 2
texture_filter = 0
texture = ExtResource("2_hp1p2")
hframes = 2
script = ExtResource("3_2s0e2")

[node name="Tree4" type="Sprite3D" parent="Trees"]
transform = Transform3D(1, 0, 0, 0, 1, 0, 0, 0, 1, -0.985738, 0.328891, -4.33437)
billboard = 2
texture_filter = 0
texture = ExtResource("2_hp1p2")
hframes = 2
script = ExtResource("3_2s0e2")

[node name="Tree9" type="Sprite3D" parent="Trees"]
transform = Transform3D(1, 0, 0, 0, 1, 0, 0, 0, 1, -2.04677, 0.328891, -3.68693)
billboard = 2
texture_filter = 0
texture = ExtResource("2_hp1p2")
hframes = 2
script = ExtResource("3_2s0e2")

[node name="Tree5" type="Sprite3D" parent="Trees"]
transform = Transform3D(1, 0, 0, 0, 1, 0, 0, 0, 1, -0.898085, 0.331152, -3.58622)
billboard = 2
texture_filter = 0
texture = ExtResource("2_hp1p2")
hframes = 2
script = ExtResource("3_2s0e2")

[node name="Tree6" type="Sprite3D" parent="Trees"]
transform = Transform3D(1, 0, 0, 0, 1, 0, 0, 0, 1, 0.101915, 0.331152, -2.58622)
billboard = 2
texture_filter = 0
texture = ExtResource("2_hp1p2")
hframes = 2
script = ExtResource("3_2s0e2")

[node name="Tree7" type="Sprite3D" parent="Trees"]
transform = Transform3D(1, 0, 0, 0, 1, 0, 0, 0, 1, -1.05705, 0.331152, -1.98572)
billboard = 2
texture_filter = 0
texture = ExtResource("2_hp1p2")
hframes = 2
script = ExtResource("3_2s0e2")

[node name="Tree8" type="Sprite3D" parent="Trees"]
transform = Transform3D(1, 0, 0, 0, 1, 0, 0, 0, 1, 1.12551, 0.331151, -3.74535)
billboard = 2
texture_filter = 0
texture = ExtResource("2_hp1p2")
hframes = 2
script = ExtResource("3_2s0e2")

[node name="Tree10" type="Sprite3D" parent="Trees"]
transform = Transform3D(0.858002, 0, -0.513646, 0, 1, 0, 0.513646, 0, 0.858002, -3.47475, 0.474048, 0.818628)
billboard = 2
texture_filter = 0
texture = ExtResource("2_hp1p2")
hframes = 2
script = ExtResource("3_2s0e2")

[node name="Tree11" type="Sprite3D" parent="Trees"]
transform = Transform3D(0.858002, 0, -0.513646, 0, 1, 0, 0.513646, 0, 0.858002, -2.53497, 0.331152, 1.49613)
billboard = 2
texture_filter = 0
texture = ExtResource("2_hp1p2")
hframes = 2
script = ExtResource("3_2s0e2")

[node name="Tree12" type="Sprite3D" parent="Trees"]
transform = Transform3D(0.858002, 0, -0.513646, 0, 1, 0, 0.513646, 0, 0.858002, -2.19062, 0.331152, 2.86778)
billboard = 2
texture_filter = 0
texture = ExtResource("2_hp1p2")
hframes = 2
script = ExtResource("3_2s0e2")

[node name="Tree13" type="Sprite3D" parent="Trees"]
transform = Transform3D(0.858002, 0, -0.513646, 0, 1, 0, 0.513646, 0, 0.858002, -3.49345, 0.331152, 2.78771)
billboard = 2
texture_filter = 0
texture = ExtResource("2_hp1p2")
hframes = 2
script = ExtResource("3_2s0e2")

[node name="Tree14" type="Sprite3D" parent="Trees"]
transform = Transform3D(0.858002, 0, -0.513646, 0, 1, 0, 0.513646, 0, 0.858002, -0.716982, 0.331152, 2.39901)
billboard = 2
texture_filter = 0
texture = ExtResource("2_hp1p2")
hframes = 2
script = ExtResource("3_2s0e2")

[node name="Tree15" type="Sprite3D" parent="Trees"]
transform = Transform3D(0.858002, 0, -0.513646, 0, 1, 0, 0.513646, 0, 0.858002, -4.90719, 0.474048, 9.3634)
billboard = 2
texture_filter = 0
texture = ExtResource("2_hp1p2")
hframes = 2
script = ExtResource("3_2s0e2")

[node name="Tree16" type="Sprite3D" parent="Trees"]
transform = Transform3D(0.858002, 0, -0.513646, 0, 1, 0, 0.513646, 0, 0.858002, -3.96741, 0.331152, 10.0409)
billboard = 2
texture_filter = 0
texture = ExtResource("2_hp1p2")
hframes = 2
script = ExtResource("3_2s0e2")

[node name="Tree17" type="Sprite3D" parent="Trees"]
transform = Transform3D(0.858002, 0, -0.513646, 0, 1, 0, 0.513646, 0, 0.858002, -3.62305, 0.331152, 11.4126)
billboard = 2
texture_filter = 0
texture = ExtResource("2_hp1p2")
hframes = 2
script = ExtResource("3_2s0e2")

[node name="Tree18" type="Sprite3D" parent="Trees"]
transform = Transform3D(0.858002, 0, -0.513646, 0, 1, 0, 0.513646, 0, 0.858002, -4.92589, 0.331152, 11.3325)
billboard = 2
texture_filter = 0
texture = ExtResource("2_hp1p2")
hframes = 2
script = ExtResource("3_2s0e2")

[node name="Tree19" type="Sprite3D" parent="Trees"]
transform = Transform3D(0.858002, 0, -0.513646, 0, 1, 0, 0.513646, 0, 0.858002, -2.14942, 0.331152, 10.9438)
billboard = 2
texture_filter = 0
texture = ExtResource("2_hp1p2")
hframes = 2
script = ExtResource("3_2s0e2")

[node name="Tree20" type="Sprite3D" parent="Trees"]
transform = Transform3D(-0.839079, 0, 0.544009, 0, 1, 0, -0.544009, 0, -0.839079, -4.85384, 0.474048, 11.8883)
billboard = 2
texture_filter = 0
texture = ExtResource("2_hp1p2")
hframes = 2
script = ExtResource("3_2s0e2")

[node name="Tree21" type="Sprite3D" parent="Trees"]
transform = Transform3D(-0.839079, 0, 0.544009, 0, 1, 0, -0.544009, 0, -0.839079, -5.76879, 0.331152, 11.1776)
billboard = 2
texture_filter = 0
texture = ExtResource("2_hp1p2")
hframes = 2
script = ExtResource("3_2s0e2")

[node name="Tree22" type="Sprite3D" parent="Trees"]
transform = Transform3D(-0.839079, 0, 0.544009, 0, 1, 0, -0.544009, 0, -0.839079, -6.06386, 0.331152, 9.79455)
billboard = 2
texture_filter = 0
texture = ExtResource("2_hp1p2")
hframes = 2
script = ExtResource("3_2s0e2")

[node name="Tree23" type="Sprite3D" parent="Trees"]
transform = Transform3D(-0.839079, 0, 0.544009, 0, 1, 0, -0.544009, 0, -0.839079, -4.76472, 0.331152, 9.92117)
billboard = 2
texture_filter = 0
texture = ExtResource("2_hp1p2")
hframes = 2
script = ExtResource("3_2s0e2")

[node name="Tree24" type="Sprite3D" parent="Trees"]
transform = Transform3D(-0.839079, 0, 0.544009, 0, 1, 0, -0.544009, 0, -0.839079, -7.55332, 0.331152, 10.2103)
billboard = 2
texture_filter = 0
texture = ExtResource("2_hp1p2")
hframes = 2
script = ExtResource("3_2s0e2")

[node name="Karts" type="Node3D" parent="."]

[node name="Player" parent="Karts" node_paths=PackedStringArray("checkpointParent", "trackSprite") instance=ExtResource("1_qyo8s")]
checkpointParent = NodePath("../../Checkpoints")
trackSprite = NodePath("../../Ground")

[node name="Camera" type="Camera3D" parent="Karts/Player"]
transform = Transform3D(1, 0, 0, 0, 1, 0, 0, 0, 1, 0, 0.305793, 0.606846)

[node name="CPU" parent="Karts" node_paths=PackedStringArray("checkpointParent", "trackSprite") instance=ExtResource("5_6idas")]
transform = Transform3D(1, 0, 0, 0, 1, 0, 0, 0, 1, 4.9805, 0, 0)
checkpointParent = NodePath("../../Checkpoints")
trackSprite = NodePath("../../Ground")

[node name="CPU2" parent="Karts" node_paths=PackedStringArray("checkpointParent", "trackSprite") instance=ExtResource("5_6idas")]
transform = Transform3D(1, 0, 0, 0, 1, 0, 0, 0, 1, 5.35044, 0, 0)
checkpointParent = NodePath("../../Checkpoints")
trackSprite = NodePath("../../Ground")

[node name="CPU3" parent="Karts" node_paths=PackedStringArray("checkpointParent", "trackSprite") instance=ExtResource("5_6idas")]
transform = Transform3D(1, 0, 0, 0, 1, 0, 0, 0, 1, 5.80639, 0, 0)
checkpointParent = NodePath("../../Checkpoints")
trackSprite = NodePath("../../Ground")

[node name="CPU4" parent="Karts" node_paths=PackedStringArray("checkpointParent", "trackSprite") instance=ExtResource("5_6idas")]
transform = Transform3D(1, 0, 0, 0, 1, 0, 0, 0, 1, 5.35044, 0, 0.238796)
checkpointParent = NodePath("../../Checkpoints")
trackSprite = NodePath("../../Ground")

[node name="CPU5" parent="Karts" node_paths=PackedStringArray("checkpointParent", "trackSprite") instance=ExtResource("5_6idas")]
transform = Transform3D(1, 0, 0, 0, 1, 0, 0, 0, 1, 5.80639, 0, 0.238796)
checkpointParent = NodePath("../../Checkpoints")
trackSprite = NodePath("../../Ground")

[node name="CPU6" parent="Karts" node_paths=PackedStringArray("checkpointParent", "trackSprite") instance=ExtResource("5_6idas")]
transform = Transform3D(1, 0, 0, 0, 1, 0, 0, 0, 1, 5.35044, 0, 0.523198)
checkpointParent = NodePath("../../Checkpoints")
trackSprite = NodePath("../../Ground")

[node name="CPU7" parent="Karts" node_paths=PackedStringArray("checkpointParent", "trackSprite") instance=ExtResource("5_6idas")]
transform = Transform3D(1, 0, 0, 0, 1, 0, 0, 0, 1, 5.80639, 0, 0.523198)
checkpointParent = NodePath("../../Checkpoints")
trackSprite = NodePath("../../Ground")

[node name="Pickup" parent="." instance=ExtResource("8_oemqt")]
transform = Transform3D(1, 0, 0, 0, 1, 0, 0, 0, 1, 3.33409, 0, -1.37146)

[node name="Pickup2" parent="." instance=ExtResource("8_oemqt")]
transform = Transform3D(1, 0, 0, 0, 1, 0, 0, 0, 1, 3.33409, 0, -1.0168)

[node name="Pickup3" parent="." instance=ExtResource("8_oemqt")]
transform = Transform3D(-0.00638783, 0, -0.99998, 0, 1, 0, 0.99998, 0, -0.00638783, 5.86358, 0, -3.26391)

[node name="Pickup4" parent="." instance=ExtResource("8_oemqt")]
transform = Transform3D(-0.00638783, 0, -0.99998, 0, 1, 0, 0.99998, 0, -0.00638783, 5.50893, 0, -3.26617)

[node name="Pickup5" parent="." instance=ExtResource("8_oemqt")]
transform = Transform3D(-0.984986, 0, -0.172634, 0, 1, 0, 0.172634, 0, -0.984986, 2.06471, 0, -5.83657)

[node name="Pickup6" parent="." instance=ExtResource("8_oemqt")]
transform = Transform3D(-0.984986, 0, -0.172634, 0, 1, 0, 0.172634, 0, -0.984986, 2.00349, 0, -6.18591)

[node name="Pickup7" parent="." instance=ExtResource("8_oemqt")]
transform = Transform3D(-0.984986, 0, -0.172634, 0, 1, 0, 0.172634, 0, -0.984986, -1.96288, 0, -5.83657)

[node name="Pickup8" parent="." instance=ExtResource("8_oemqt")]
transform = Transform3D(-0.984986, 0, -0.172634, 0, 1, 0, 0.172634, 0, -0.984986, -2.02411, 0, -6.18591)

[node name="Pickup9" parent="." instance=ExtResource("8_oemqt")]
transform = Transform3D(-0.660749, 0, -0.750607, 0, 1, 0, 0.750607, 0, -0.660749, -4.92402, 0, -4.71904)

[node name="Pickup10" parent="." instance=ExtResource("8_oemqt")]
transform = Transform3D(-0.660749, 0, -0.750607, 0, 1, 0, 0.750607, 0, -0.660749, -5.19023, 0, -4.95338)

[node name="Pickup11" parent="." instance=ExtResource("8_oemqt")]
transform = Transform3D(-0.269676, 0, -0.962951, 0, 1, 0, 0.962951, 0, -0.269676, -6.45863, -4.76837e-07, -0.305895)

[node name="Pickup12" parent="." instance=ExtResource("8_oemqt")]
transform = Transform3D(-0.269676, 0, -0.962951, 0, 1, 0, 0.962951, 0, -0.269676, -6.80015, -4.76837e-07, -0.401537)

[node name="Pickup13" parent="." instance=ExtResource("8_oemqt")]
transform = Transform3D(0.335073, 0, -0.942192, 0, 1, 0, 0.942192, 0, 0.335073, -6.56924, -4.76837e-07, 3.90983)

[node name="Pickup14" parent="." instance=ExtResource("8_oemqt")]
transform = Transform3D(0.335073, 0, -0.942192, 0, 1, 0, 0.942192, 0, 0.335073, -6.90339, -4.76837e-07, 4.02866)

[node name="Pickup15" parent="." instance=ExtResource("8_oemqt")]
transform = Transform3D(0.926154, 0, -0.377146, 0, 1, 0, 0.377146, 0, 0.926154, -4.34576, -1.43051e-06, 6.10454)

[node name="Pickup16" parent="." instance=ExtResource("8_oemqt")]
transform = Transform3D(0.926154, 0, -0.377146, 0, 1, 0, 0.377146, 0, 0.926154, -4.47952, -1.43051e-06, 6.43301)

[node name="Pickup17" parent="." instance=ExtResource("8_oemqt")]
transform = Transform3D(0.516264, 0, 0.856429, 0, 1, 0, -0.856429, 0, 0.516264, -2.49467, -9.53674e-07, 5.09919)

[node name="Pickup18" parent="." instance=ExtResource("8_oemqt")]
transform = Transform3D(0.516264, 0, 0.856429, 0, 1, 0, -0.856429, 0, 0.516264, -2.19093, -9.53674e-07, 5.28228)

[node name="Pickup19" parent="." instance=ExtResource("8_oemqt")]
transform = Transform3D(0.741062, 0, -0.671436, 0, 1, 0, 0.671436, 0, 0.741062, 0.37363, -9.53674e-07, 5.04401)

[node name="Pickup20" parent="." instance=ExtResource("8_oemqt")]
transform = Transform3D(0.741062, 0, -0.671436, 0, 1, 0, 0.671436, 0, 0.741062, 0.1355, -9.53674e-07, 5.30684)

[node name="Pickup21" parent="." instance=ExtResource("8_oemqt")]
transform = Transform3D(0.999645, 0, 0.0266479, 0, 1, 0, -0.0266479, 0, 0.999645, 2.84856, -9.53674e-07, 6.29099)

[node name="Pickup22" parent="." instance=ExtResource("8_oemqt")]
transform = Transform3D(0.999645, 0, 0.0266479, 0, 1, 0, -0.0266479, 0, 0.999645, 2.85801, -9.53674e-07, 6.64553)

[node name="Pickup23" parent="." instance=ExtResource("8_oemqt")]
transform = Transform3D(-0.420798, 0, 0.907154, 0, 1, 0, -0.907154, 0, -0.420798, 4.16571, -9.53674e-07, 3.71349)

[node name="Pickup24" parent="." instance=ExtResource("8_oemqt")]
transform = Transform3D(-0.420798, 0, 0.907154, 0, 1, 0, -0.907154, 0, -0.420798, 4.48744, -9.53674e-07, 3.56425)

[node name="Pickup25" parent="." instance=ExtResource("8_oemqt")]
transform = Transform3D(-0.420798, 0, 0.907154, 0, 1, 0, -0.907154, 0, -0.420798, 1.75266, -9.53674e-07, 0.940684)

[node name="Pickup26" parent="." instance=ExtResource("8_oemqt")]
transform = Transform3D(-0.420798, 0, 0.907154, 0, 1, 0, -0.907154, 0, -0.420798, 2.07439, -9.53674e-07, 0.791444)
