[gd_scene load_steps=10 format=3 uid="uid://r402vijoeba7"]

[ext_resource type="PackedScene" uid="uid://cyt583hcsrcd6" path="res://assets/player/player.tscn" id="1_qyo8s"]
[ext_resource type="Texture2D" uid="uid://pghykqquhejb" path="res://assets/tracks/track.png" id="1_xjyhb"]
[ext_resource type="PackedScene" uid="uid://cjfc43cl10fic" path="res://assets/checkpoint/checkpoint.tscn" id="2_c5se0"]
[ext_resource type="Texture2D" uid="uid://cmpmi64kf0d6q" path="res://assets/tracks/trees.png" id="2_hp1p2"]
[ext_resource type="Script" path="res://assets/tracks/tree.gd" id="3_2s0e2"]
[ext_resource type="PackedScene" uid="uid://di03iqwcgbsrr" path="res://assets/cpu/cpu.tscn" id="5_6idas"]
[ext_resource type="PackedScene" uid="uid://dm54qv4g40fkt" path="res://assets/pickup/pickup.tscn" id="8_oemqt"]

[sub_resource type="WorldBoundaryShape3D" id="WorldBoundaryShape3D_l3c5k"]

[sub_resource type="BoxShape3D" id="BoxShape3D_41vwm"]
size = Vector3(1.91602, 1, 0.249512)

[node name="GrayBox" type="Node3D"]

[node name="GroundPlane" type="StaticBody3D" parent="."]

[node name="CollisionShape3D" type="CollisionShape3D" parent="GroundPlane"]
shape = SubResource("WorldBoundaryShape3D_l3c5k")

[node name="Ground" type="Sprite3D" parent="."]
transform = Transform3D(1, 0, 0, 0, -4.37114e-08, 1, 0, -1, -4.37114e-08, 0, 0, 0)
pixel_size = 0.1
transparent = false
texture_filter = 0
texture = ExtResource("1_xjyhb")

[node name="Checkpoints" type="Node3D" parent="."]

[node name="Checkpoint" parent="Checkpoints" instance=ExtResource("2_c5se0")]
transform = Transform3D(-5.96046e-08, 0, -1, 0, 1, 0, 1, 0, -5.96046e-08, 3.23562, 0, -1.05788)

[node name="CollisionShape3D" type="CollisionShape3D" parent="Checkpoints/Checkpoint"]
transform = Transform3D(0.999991, 0, 5.40012e-13, 0, 1, 0, -5.40012e-13, 0, 0.999991, 0, 0.5, 0)
shape = SubResource("BoxShape3D_41vwm")

[node name="Checkpoint2" parent="Checkpoints" instance=ExtResource("2_c5se0")]
transform = Transform3D(0.989478, 0, 0.144684, 0, 1, 0, -0.144684, 0, 0.989478, 6.07287, 0, -3.37316)

[node name="CollisionShape3D" type="CollisionShape3D" parent="Checkpoints/Checkpoint2"]
transform = Transform3D(0.999991, 0, 5.40012e-13, 0, 1, 0, -5.40012e-13, 0, 0.999991, 0, 0.5, 0)
shape = SubResource("BoxShape3D_41vwm")

[node name="Checkpoint3" parent="Checkpoints" instance=ExtResource("2_c5se0")]
transform = Transform3D(-2.78181e-08, 0, 1, 0, 1, 0, -1, 0, -2.78181e-08, 2.16481, 0, -5.9215)

[node name="CollisionShape3D" type="CollisionShape3D" parent="Checkpoints/Checkpoint3"]
transform = Transform3D(0.999991, 0, 5.40012e-13, 0, 1, 0, -5.40012e-13, 0, 0.999991, 0, 0.5, 0)
shape = SubResource("BoxShape3D_41vwm")

[node name="Checkpoint4" parent="Checkpoints" instance=ExtResource("2_c5se0")]
transform = Transform3D(-2.78181e-08, 0, 1, 0, 1, 0, -1, 0, -2.78181e-08, -2.0986, 0, -6.13402)

[node name="CollisionShape3D" type="CollisionShape3D" parent="Checkpoints/Checkpoint4"]
transform = Transform3D(0.999991, 0, 5.40012e-13, 0, 1, 0, -5.40012e-13, 0, 0.999991, 0, 0.5, 0)
shape = SubResource("BoxShape3D_41vwm")

[node name="Checkpoint5" parent="Checkpoints" instance=ExtResource("2_c5se0")]
transform = Transform3D(-0.707107, 0, 0.707107, 0, 1, 0, -0.707107, 0, -0.707107, -4.96738, 0, -4.74224)

[node name="CollisionShape3D" type="CollisionShape3D" parent="Checkpoints/Checkpoint5"]
transform = Transform3D(0.999991, 0, 5.40012e-13, 0, 1, 0, -5.40012e-13, 0, 0.999991, 0, 0.5, 0)
shape = SubResource("BoxShape3D_41vwm")

[node name="Checkpoint6" parent="Checkpoints" instance=ExtResource("2_c5se0")]
transform = Transform3D(-0.963106, 0, 0.269121, 0, 1, 0, -0.269121, 0, -0.963106, -6.53874, 0, -0.512274)

[node name="CollisionShape3D" type="CollisionShape3D" parent="Checkpoints/Checkpoint6"]
transform = Transform3D(0.999991, 0, 5.40012e-13, 0, 1, 0, -5.40012e-13, 0, 0.999991, 0, 0.5, 0)
shape = SubResource("BoxShape3D_41vwm")

[node name="Checkpoint7" parent="Checkpoints" instance=ExtResource("2_c5se0")]
transform = Transform3D(-0.956656, 0, -0.29122, 0, 1, 0, 0.29122, 0, -0.956656, -6.68662, 0, 4.05711)

[node name="CollisionShape3D" type="CollisionShape3D" parent="Checkpoints/Checkpoint7"]
transform = Transform3D(0.999991, 0, 5.40012e-13, 0, 1, 0, -5.40012e-13, 0, 0.999991, 0, 0.5, 0)
shape = SubResource("BoxShape3D_41vwm")

[node name="Checkpoint8" parent="Checkpoints" instance=ExtResource("2_c5se0")]
transform = Transform3D(-0.217138, 0, -0.976141, 0, 1, 0, 0.976141, 0, -0.217138, -4.48334, 0, 6.11198)

[node name="CollisionShape3D" type="CollisionShape3D" parent="Checkpoints/Checkpoint8"]
transform = Transform3D(0.999991, 0, 5.40012e-13, 0, 1, 0, -5.40012e-13, 0, 0.999991, 0, 0.5, 0)
shape = SubResource("BoxShape3D_41vwm")

[node name="Checkpoint9" parent="Checkpoints" instance=ExtResource("2_c5se0")]
transform = Transform3D(0.891481, 0, -0.453057, 0, 1, 0, 0.453057, 0, 0.891481, -2.28542, -2.38419e-07, 5.30249)

[node name="CollisionShape3D" type="CollisionShape3D" parent="Checkpoints/Checkpoint9"]
transform = Transform3D(0.999991, 0, 5.40012e-13, 0, 1, 0, -5.40012e-13, 0, 0.999991, 0, 0.5, 0)
shape = SubResource("BoxShape3D_41vwm")

[node name="Checkpoint10" parent="Checkpoints" instance=ExtResource("2_c5se0")]
transform = Transform3D(-0.686517, 0, -0.727114, 0, 1, 0, 0.727114, 0, -0.686517, 0.205905, 0, 5.05751)

[node name="CollisionShape3D" type="CollisionShape3D" parent="Checkpoints/Checkpoint10"]
transform = Transform3D(0.999991, 0, 5.40012e-13, 0, 1, 0, -5.40012e-13, 0, 0.999991, 0, 0.5, 0)
shape = SubResource("BoxShape3D_41vwm")

[node name="Checkpoint14" parent="Checkpoints" instance=ExtResource("2_c5se0")]
transform = Transform3D(-0.230984, 0, -0.972957, 0, 1, 0, 0.972957, 0, -0.230984, 2.35127, 0, 6.44919)

[node name="CollisionShape3D" type="CollisionShape3D" parent="Checkpoints/Checkpoint14"]
transform = Transform3D(0.999991, 0, 5.40012e-13, 0, 1, 0, -5.40012e-13, 0, 0.999991, 0, 0.5, 0)
shape = SubResource("BoxShape3D_41vwm")

[node name="Checkpoint12" parent="Checkpoints" instance=ExtResource("2_c5se0")]
transform = Transform3D(0.814541, 0, 0.580106, 0, 1, 0, -0.580106, 0, 0.814541, 4.33971, 0, 3.44799)

[node name="CollisionShape3D" type="CollisionShape3D" parent="Checkpoints/Checkpoint12"]
transform = Transform3D(0.999991, 0, 5.40012e-13, 0, 1, 0, -5.40012e-13, 0, 0.999991, 0, 0.5, 0)
shape = SubResource("BoxShape3D_41vwm")

[node name="Checkpoint13" parent="Checkpoints" instance=ExtResource("2_c5se0")]
transform = Transform3D(0.977592, 0, 0.210506, 0, 1, 0, -0.210506, 0, 0.977592, 1.76022, 0, 0.649881)

[node name="CollisionShape3D" type="CollisionShape3D" parent="Checkpoints/Checkpoint13"]
transform = Transform3D(0.999991, 0, 5.40012e-13, 0, 1, 0, -5.40012e-13, 0, 0.999991, 0, 0.5, 0)
shape = SubResource("BoxShape3D_41vwm")

[node name="Trees" type="Node3D" parent="."]

[node name="Tree" type="Sprite3D" parent="Trees"]
transform = Transform3D(1, 0, 0, 0, 1, 0, 0, 0, 1, 0, 0.328891, -7.07267)
billboard = 2
texture_filter = 0
texture = ExtResource("2_hp1p2")
hframes = 2
script = ExtResource("3_2s0e2")

[node name="Tree2" type="Sprite3D" parent="Trees"]
transform = Transform3D(1, 0, 0, 0, 1, 0, 0, 0, 1, 0.762948, 0.328891, -8.053)
billboard = 2
texture_filter = 0
texture = ExtResource("2_hp1p2")
hframes = 2
script = ExtResource("3_2s0e2")

[node name="Tree3" type="Sprite3D" parent="Trees"]
transform = Transform3D(1, 0, 0, 0, 1, 0, 0, 0, 1, 0.762948, 0.328891, -4.33437)
billboard = 2
texture_filter = 0
texture = ExtResource("2_hp1p2")
hframes = 2
script = ExtResource("3_2s0e2")

[node name="Tree4" type="Sprite3D" parent="Trees"]
transform = Transform3D(1, 0, 0, 0, 1, 0, 0, 0, 1, -0.985738, 0.328891, -4.33437)
billboard = 2
texture_filter = 0
texture = ExtResource("2_hp1p2")
hframes = 2
script = ExtResource("3_2s0e2")

[node name="Tree9" type="Sprite3D" parent="Trees"]
transform = Transform3D(1, 0, 0, 0, 1, 0, 0, 0, 1, -2.04677, 0.328891, -3.68693)
billboard = 2
texture_filter = 0
texture = ExtResource("2_hp1p2")
hframes = 2
script = ExtResource("3_2s0e2")

[node name="Tree5" type="Sprite3D" parent="Trees"]
transform = Transform3D(1, 0, 0, 0, 1, 0, 0, 0, 1, -0.898085, 0.331152, -3.58622)
billboard = 2
texture_filter = 0
texture = ExtResource("2_hp1p2")
hframes = 2
script = ExtResource("3_2s0e2")

[node name="Tree6" type="Sprite3D" parent="Trees"]
transform = Transform3D(1, 0, 0, 0, 1, 0, 0, 0, 1, 0.101915, 0.331152, -2.58622)
billboard = 2
texture_filter = 0
texture = ExtResource("2_hp1p2")
hframes = 2
script = ExtResource("3_2s0e2")

[node name="Tree25" type="Sprite3D" parent="Trees"]
transform = Transform3D(0.521278, 0, 0.853387, 0, 1, 0, -0.853387, 0, 0.521278, 7.06707, 0.328891, -8.31968)
billboard = 2
texture_filter = 0
texture = ExtResource("2_hp1p2")
hframes = 2
script = ExtResource("3_2s0e2")

[node name="Tree26" type="Sprite3D" parent="Trees"]
transform = Transform3D(0.521278, 0, 0.853387, 0, 1, 0, -0.853387, 0, 0.521278, 6.62817, 0.328891, -9.4818)
billboard = 2
texture_filter = 0
texture = ExtResource("2_hp1p2")
hframes = 2
script = ExtResource("3_2s0e2")

[node name="Tree27" type="Sprite3D" parent="Trees"]
transform = Transform3D(0.521278, 0, 0.853387, 0, 1, 0, -0.853387, 0, 0.521278, 9.8016, 0.328891, -7.54336)
billboard = 2
texture_filter = 0
texture = ExtResource("2_hp1p2")
hframes = 2
script = ExtResource("3_2s0e2")

[node name="Tree28" type="Sprite3D" parent="Trees"]
transform = Transform3D(0.521278, 0, 0.853387, 0, 1, 0, -0.853387, 0, 0.521278, 8.89005, 0.328891, -6.05105)
billboard = 2
texture_filter = 0
texture = ExtResource("2_hp1p2")
hframes = 2
script = ExtResource("3_2s0e2")

[node name="Tree29" type="Sprite3D" parent="Trees"]
transform = Transform3D(0.521278, 0, 0.853387, 0, 1, 0, -0.853387, 0, 0.521278, 8.88948, 0.328891, -4.80809)
billboard = 2
texture_filter = 0
texture = ExtResource("2_hp1p2")
hframes = 2
script = ExtResource("3_2s0e2")

[node name="Tree30" type="Sprite3D" parent="Trees"]
transform = Transform3D(0.521278, 0, 0.853387, 0, 1, 0, -0.853387, 0, 0.521278, 9.57421, 0.331152, -5.73586)
billboard = 2
texture_filter = 0
texture = ExtResource("2_hp1p2")
hframes = 2
script = ExtResource("3_2s0e2")

[node name="Tree31" type="Sprite3D" parent="Trees"]
transform = Transform3D(0.521278, 0, 0.853387, 0, 1, 0, -0.853387, 0, 0.521278, 10.9489, 0.331152, -6.06797)
billboard = 2
texture_filter = 0
texture = ExtResource("2_hp1p2")
hframes = 2
script = ExtResource("3_2s0e2")

[node name="Tree32" type="Sprite3D" parent="Trees"]
transform = Transform3D(0.521278, 0, 0.853387, 0, 1, 0, -0.853387, 0, 0.521278, 5.18784, 0.328891, -9.52406)
billboard = 2
texture_filter = 0
texture = ExtResource("2_hp1p2")
hframes = 2
script = ExtResource("3_2s0e2")

[node name="Tree33" type="Sprite3D" parent="Trees"]
transform = Transform3D(0.521278, 0, 0.853387, 0, 1, 0, -0.853387, 0, 0.521278, 4.74895, 0.328891, -10.6862)
billboard = 2
texture_filter = 0
texture = ExtResource("2_hp1p2")
hframes = 2
script = ExtResource("3_2s0e2")

[node name="Tree34" type="Sprite3D" parent="Trees"]
transform = Transform3D(0.521278, 0, 0.853387, 0, 1, 0, -0.853387, 0, 0.521278, 7.92238, 0.328891, -8.74773)
billboard = 2
texture_filter = 0
texture = ExtResource("2_hp1p2")
hframes = 2
script = ExtResource("3_2s0e2")

[node name="Tree35" type="Sprite3D" parent="Trees"]
transform = Transform3D(0.521278, 0, 0.853387, 0, 1, 0, -0.853387, 0, 0.521278, 7.01083, 0.328891, -7.25543)
billboard = 2
texture_filter = 0
texture = ExtResource("2_hp1p2")
hframes = 2
script = ExtResource("3_2s0e2")

[node name="Tree36" type="Sprite3D" parent="Trees"]
transform = Transform3D(0.521278, 0, 0.853387, 0, 1, 0, -0.853387, 0, 0.521278, 7.01025, 0.328891, -6.01246)
billboard = 2
texture_filter = 0
texture = ExtResource("2_hp1p2")
hframes = 2
script = ExtResource("3_2s0e2")

[node name="Tree37" type="Sprite3D" parent="Trees"]
transform = Transform3D(0.521278, 0, 0.853387, 0, 1, 0, -0.853387, 0, 0.521278, 7.69498, 0.331152, -6.94023)
billboard = 2
texture_filter = 0
texture = ExtResource("2_hp1p2")
hframes = 2
script = ExtResource("3_2s0e2")

[node name="Tree38" type="Sprite3D" parent="Trees"]
transform = Transform3D(0.521278, 0, 0.853387, 0, 1, 0, -0.853387, 0, 0.521278, 9.06964, 0.331152, -7.27234)
billboard = 2
texture_filter = 0
texture = ExtResource("2_hp1p2")
hframes = 2
script = ExtResource("3_2s0e2")

[node name="Tree39" type="Sprite3D" parent="Trees"]
transform = Transform3D(0.521278, 0, 0.853387, 0, 1, 0, -0.853387, 0, 0.521278, 8.84829, 0.328891, -9.04622)
billboard = 2
texture_filter = 0
texture = ExtResource("2_hp1p2")
hframes = 2
script = ExtResource("3_2s0e2")

[node name="Tree40" type="Sprite3D" parent="Trees"]
transform = Transform3D(0.521278, 0, 0.853387, 0, 1, 0, -0.853387, 0, 0.521278, 8.40939, 0.328891, -10.2083)
billboard = 2
texture_filter = 0
texture = ExtResource("2_hp1p2")
hframes = 2
script = ExtResource("3_2s0e2")

[node name="Tree41" type="Sprite3D" parent="Trees"]
transform = Transform3D(0.521278, 0, 0.853387, 0, 1, 0, -0.853387, 0, 0.521278, 11.5828, 0.328891, -8.26989)
billboard = 2
texture_filter = 0
texture = ExtResource("2_hp1p2")
hframes = 2
script = ExtResource("3_2s0e2")

[node name="Tree42" type="Sprite3D" parent="Trees"]
transform = Transform3D(0.521278, 0, 0.853387, 0, 1, 0, -0.853387, 0, 0.521278, 10.6713, 0.328891, -6.77759)
billboard = 2
texture_filter = 0
texture = ExtResource("2_hp1p2")
hframes = 2
script = ExtResource("3_2s0e2")

[node name="Tree43" type="Sprite3D" parent="Trees"]
transform = Transform3D(0.521278, 0, 0.853387, 0, 1, 0, -0.853387, 0, 0.521278, 10.6707, 0.328891, -5.53462)
billboard = 2
texture_filter = 0
texture = ExtResource("2_hp1p2")
hframes = 2
script = ExtResource("3_2s0e2")

[node name="Tree44" type="Sprite3D" parent="Trees"]
transform = Transform3D(0.521278, 0, 0.853387, 0, 1, 0, -0.853387, 0, 0.521278, 11.3554, 0.331152, -6.4624)
billboard = 2
texture_filter = 0
texture = ExtResource("2_hp1p2")
hframes = 2
script = ExtResource("3_2s0e2")

[node name="Tree45" type="Sprite3D" parent="Trees"]
transform = Transform3D(0.521278, 0, 0.853387, 0, 1, 0, -0.853387, 0, 0.521278, 12.7301, 0.331152, -6.7945)
billboard = 2
texture_filter = 0
texture = ExtResource("2_hp1p2")
hframes = 2
script = ExtResource("3_2s0e2")

[node name="Tree46" type="Sprite3D" parent="Trees"]
transform = Transform3D(0.521278, 0, 0.853387, 0, 1, 0, -0.853387, 0, 0.521278, 7.48091, 0.328891, -10.2095)
billboard = 2
texture_filter = 0
texture = ExtResource("2_hp1p2")
hframes = 2
script = ExtResource("3_2s0e2")

[node name="Tree47" type="Sprite3D" parent="Trees"]
transform = Transform3D(0.521278, 0, 0.853387, 0, 1, 0, -0.853387, 0, 0.521278, 7.04202, 0.328891, -11.3716)
billboard = 2
texture_filter = 0
texture = ExtResource("2_hp1p2")
hframes = 2
script = ExtResource("3_2s0e2")

[node name="Tree48" type="Sprite3D" parent="Trees"]
transform = Transform3D(0.521278, 0, 0.853387, 0, 1, 0, -0.853387, 0, 0.521278, 10.2155, 0.328891, -9.43319)
billboard = 2
texture_filter = 0
texture = ExtResource("2_hp1p2")
hframes = 2
script = ExtResource("3_2s0e2")

[node name="Tree49" type="Sprite3D" parent="Trees"]
transform = Transform3D(0.521278, 0, 0.853387, 0, 1, 0, -0.853387, 0, 0.521278, 9.3039, 0.328891, -7.94088)
billboard = 2
texture_filter = 0
texture = ExtResource("2_hp1p2")
hframes = 2
script = ExtResource("3_2s0e2")

[node name="Tree50" type="Sprite3D" parent="Trees"]
transform = Transform3D(0.521278, 0, 0.853387, 0, 1, 0, -0.853387, 0, 0.521278, 9.30332, 0.328891, -6.69792)
billboard = 2
texture_filter = 0
texture = ExtResource("2_hp1p2")
hframes = 2
script = ExtResource("3_2s0e2")

[node name="Tree51" type="Sprite3D" parent="Trees"]
transform = Transform3D(0.521278, 0, 0.853387, 0, 1, 0, -0.853387, 0, 0.521278, 9.98805, 0.331152, -7.62569)
billboard = 2
texture_filter = 0
texture = ExtResource("2_hp1p2")
hframes = 2
script = ExtResource("3_2s0e2")

[node name="Tree52" type="Sprite3D" parent="Trees"]
transform = Transform3D(0.521278, 0, 0.853387, 0, 1, 0, -0.853387, 0, 0.521278, 11.3627, 0.331152, -7.9578)
billboard = 2
texture_filter = 0
texture = ExtResource("2_hp1p2")
hframes = 2
script = ExtResource("3_2s0e2")

[node name="Tree53" type="Sprite3D" parent="Trees"]
transform = Transform3D(-0.204052, 0, 0.97896, 0, 1, 0, -0.97896, 0, -0.204052, -0.619705, 0.328891, -8.89911)
billboard = 2
texture_filter = 0
texture = ExtResource("2_hp1p2")
hframes = 2
script = ExtResource("3_2s0e2")

[node name="Tree54" type="Sprite3D" parent="Trees"]
transform = Transform3D(-0.204052, 0, 0.97896, 0, 1, 0, -0.97896, 0, -0.204052, -1.73509, 0.328891, -9.44596)
billboard = 2
texture_filter = 0
texture = ExtResource("2_hp1p2")
hframes = 2
script = ExtResource("3_2s0e2")

[node name="Tree55" type="Sprite3D" parent="Trees"]
transform = Transform3D(-0.204052, 0, 0.97896, 0, 1, 0, -0.97896, 0, -0.204052, 1.9053, 0.328891, -10.2048)
billboard = 2
texture_filter = 0
texture = ExtResource("2_hp1p2")
hframes = 2
script = ExtResource("3_2s0e2")

[node name="Tree56" type="Sprite3D" parent="Trees"]
transform = Transform3D(-0.204052, 0, 0.97896, 0, 1, 0, -0.97896, 0, -0.204052, 2.26212, 0.328891, -8.49286)
billboard = 2
texture_filter = 0
texture = ExtResource("2_hp1p2")
hframes = 2
script = ExtResource("3_2s0e2")

[node name="Tree57" type="Sprite3D" parent="Trees"]
transform = Transform3D(-0.204052, 0, 0.97896, 0, 1, 0, -0.97896, 0, -0.204052, 3.11245, 0.328891, -7.58627)
billboard = 2
texture_filter = 0
texture = ExtResource("2_hp1p2")
hframes = 2
script = ExtResource("3_2s0e2")

[node name="Tree58" type="Sprite3D" parent="Trees"]
transform = Transform3D(-0.204052, 0, 0.97896, 0, 1, 0, -0.97896, 0, -0.204052, 2.97665, 0.331152, -8.73133)
billboard = 2
texture_filter = 0
texture = ExtResource("2_hp1p2")
hframes = 2
script = ExtResource("3_2s0e2")

[node name="Tree59" type="Sprite3D" parent="Trees"]
transform = Transform3D(-0.204052, 0, 0.97896, 0, 1, 0, -0.97896, 0, -0.204052, 3.75155, 0.331152, -9.91434)
billboard = 2
texture_filter = 0
texture = ExtResource("2_hp1p2")
hframes = 2
script = ExtResource("3_2s0e2")

[node name="Tree60" type="Sprite3D" parent="Trees"]
transform = Transform3D(-0.204052, 0, 0.97896, 0, 1, 0, -0.97896, 0, -0.204052, -2.81411, 0.328891, -8.49094)
billboard = 2
texture_filter = 0
texture = ExtResource("2_hp1p2")
hframes = 2
script = ExtResource("3_2s0e2")

[node name="Tree61" type="Sprite3D" parent="Trees"]
transform = Transform3D(-0.204052, 0, 0.97896, 0, 1, 0, -0.97896, 0, -0.204052, -3.92949, 0.328891, -9.0378)
billboard = 2
texture_filter = 0
texture = ExtResource("2_hp1p2")
hframes = 2
script = ExtResource("3_2s0e2")

[node name="Tree62" type="Sprite3D" parent="Trees"]
transform = Transform3D(-0.204052, 0, 0.97896, 0, 1, 0, -0.97896, 0, -0.204052, -0.289102, 0.328891, -9.79659)
billboard = 2
texture_filter = 0
texture = ExtResource("2_hp1p2")
hframes = 2
script = ExtResource("3_2s0e2")

[node name="Tree63" type="Sprite3D" parent="Trees"]
transform = Transform3D(-0.204052, 0, 0.97896, 0, 1, 0, -0.97896, 0, -0.204052, 0.0677203, 0.328891, -8.0847)
billboard = 2
texture_filter = 0
texture = ExtResource("2_hp1p2")
hframes = 2
script = ExtResource("3_2s0e2")

[node name="Tree64" type="Sprite3D" parent="Trees"]
transform = Transform3D(-0.204052, 0, 0.97896, 0, 1, 0, -0.97896, 0, -0.204052, 0.918044, 0.328891, -7.1781)
billboard = 2
texture_filter = 0
texture = ExtResource("2_hp1p2")
hframes = 2
script = ExtResource("3_2s0e2")

[node name="Tree65" type="Sprite3D" parent="Trees"]
transform = Transform3D(-0.204052, 0, 0.97896, 0, 1, 0, -0.97896, 0, -0.204052, 0.782243, 0.331152, -8.32317)
billboard = 2
texture_filter = 0
texture = ExtResource("2_hp1p2")
hframes = 2
script = ExtResource("3_2s0e2")

[node name="Tree66" type="Sprite3D" parent="Trees"]
transform = Transform3D(-0.204052, 0, 0.97896, 0, 1, 0, -0.97896, 0, -0.204052, 1.55715, 0.331152, -9.50618)
billboard = 2
texture_filter = 0
texture = ExtResource("2_hp1p2")
hframes = 2
script = ExtResource("3_2s0e2")

[node name="Tree67" type="Sprite3D" parent="Trees"]
transform = Transform3D(-0.204052, 0, 0.97896, 0, 1, 0, -0.97896, 0, -0.204052, 0.181647, 0.328891, -10.6479)
billboard = 2
texture_filter = 0
texture = ExtResource("2_hp1p2")
hframes = 2
script = ExtResource("3_2s0e2")

[node name="Tree68" type="Sprite3D" parent="Trees"]
transform = Transform3D(-0.204052, 0, 0.97896, 0, 1, 0, -0.97896, 0, -0.204052, -0.933738, 0.328891, -11.1948)
billboard = 2
texture_filter = 0
texture = ExtResource("2_hp1p2")
hframes = 2
script = ExtResource("3_2s0e2")

[node name="Tree69" type="Sprite3D" parent="Trees"]
transform = Transform3D(-0.204052, 0, 0.97896, 0, 1, 0, -0.97896, 0, -0.204052, 2.70665, 0.328891, -11.9536)
billboard = 2
texture_filter = 0
texture = ExtResource("2_hp1p2")
hframes = 2
script = ExtResource("3_2s0e2")

[node name="Tree70" type="Sprite3D" parent="Trees"]
transform = Transform3D(-0.204052, 0, 0.97896, 0, 1, 0, -0.97896, 0, -0.204052, 3.06348, 0.328891, -10.2417)
billboard = 2
texture_filter = 0
texture = ExtResource("2_hp1p2")
hframes = 2
script = ExtResource("3_2s0e2")

[node name="Tree71" type="Sprite3D" parent="Trees"]
transform = Transform3D(-0.204052, 0, 0.97896, 0, 1, 0, -0.97896, 0, -0.204052, 3.9138, 0.328891, -9.3351)
billboard = 2
texture_filter = 0
texture = ExtResource("2_hp1p2")
hframes = 2
script = ExtResource("3_2s0e2")

[node name="Tree72" type="Sprite3D" parent="Trees"]
transform = Transform3D(-0.204052, 0, 0.97896, 0, 1, 0, -0.97896, 0, -0.204052, 3.778, 0.331152, -10.4802)
billboard = 2
texture_filter = 0
texture = ExtResource("2_hp1p2")
hframes = 2
script = ExtResource("3_2s0e2")

[node name="Tree73" type="Sprite3D" parent="Trees"]
transform = Transform3D(-0.204052, 0, 0.97896, 0, 1, 0, -0.97896, 0, -0.204052, 4.55291, 0.331152, -11.6632)
billboard = 2
texture_filter = 0
texture = ExtResource("2_hp1p2")
hframes = 2
script = ExtResource("3_2s0e2")

[node name="Tree74" type="Sprite3D" parent="Trees"]
transform = Transform3D(-0.204052, 0, 0.97896, 0, 1, 0, -0.97896, 0, -0.204052, -1.61147, 0.328891, -10.5602)
billboard = 2
texture_filter = 0
texture = ExtResource("2_hp1p2")
hframes = 2
script = ExtResource("3_2s0e2")

[node name="Tree75" type="Sprite3D" parent="Trees"]
transform = Transform3D(-0.204052, 0, 0.97896, 0, 1, 0, -0.97896, 0, -0.204052, -2.72685, 0.328891, -11.107)
billboard = 2
texture_filter = 0
texture = ExtResource("2_hp1p2")
hframes = 2
script = ExtResource("3_2s0e2")

[node name="Tree76" type="Sprite3D" parent="Trees"]
transform = Transform3D(-0.204052, 0, 0.97896, 0, 1, 0, -0.97896, 0, -0.204052, 0.913537, 0.328891, -11.8658)
billboard = 2
texture_filter = 0
texture = ExtResource("2_hp1p2")
hframes = 2
script = ExtResource("3_2s0e2")

[node name="Tree77" type="Sprite3D" parent="Trees"]
transform = Transform3D(-0.204052, 0, 0.97896, 0, 1, 0, -0.97896, 0, -0.204052, 1.27036, 0.328891, -10.1539)
billboard = 2
texture_filter = 0
texture = ExtResource("2_hp1p2")
hframes = 2
script = ExtResource("3_2s0e2")

[node name="Tree78" type="Sprite3D" parent="Trees"]
transform = Transform3D(-0.204052, 0, 0.97896, 0, 1, 0, -0.97896, 0, -0.204052, 2.12068, 0.328891, -9.24733)
billboard = 2
texture_filter = 0
texture = ExtResource("2_hp1p2")
hframes = 2
script = ExtResource("3_2s0e2")

[node name="Tree79" type="Sprite3D" parent="Trees"]
transform = Transform3D(-0.204052, 0, 0.97896, 0, 1, 0, -0.97896, 0, -0.204052, 1.98488, 0.331152, -10.3924)
billboard = 2
texture_filter = 0
texture = ExtResource("2_hp1p2")
hframes = 2
script = ExtResource("3_2s0e2")

[node name="Tree80" type="Sprite3D" parent="Trees"]
transform = Transform3D(-0.204052, 0, 0.97896, 0, 1, 0, -0.97896, 0, -0.204052, 2.75979, 0.331152, -11.5754)
billboard = 2
texture_filter = 0
texture = ExtResource("2_hp1p2")
hframes = 2
script = ExtResource("3_2s0e2")

[node name="Tree81" type="Sprite3D" parent="Trees"]
transform = Transform3D(-0.953717, 0, 0.300706, 0, 1, 0, -0.300706, 0, -0.953717, -8.99551, 0.328891, -5.69668)
billboard = 2
texture_filter = 0
texture = ExtResource("2_hp1p2")
hframes = 2
script = ExtResource("3_2s0e2")

[node name="Tree82" type="Sprite3D" parent="Trees"]
transform = Transform3D(-0.953717, 0, 0.300706, 0, 1, 0, -0.300706, 0, -0.953717, -10.0179, 0.328891, -4.99114)
billboard = 2
texture_filter = 0
texture = ExtResource("2_hp1p2")
hframes = 2
script = ExtResource("3_2s0e2")

[node name="Tree83" type="Sprite3D" parent="Trees"]
transform = Transform3D(-0.953717, 0, 0.300706, 0, 1, 0, -0.300706, 0, -0.953717, -8.89972, 0.328891, -8.53766)
billboard = 2
texture_filter = 0
texture = ExtResource("2_hp1p2")
hframes = 2
script = ExtResource("3_2s0e2")

[node name="Tree84" type="Sprite3D" parent="Trees"]
transform = Transform3D(-0.953717, 0, 0.300706, 0, 1, 0, -0.300706, 0, -0.953717, -7.23197, 0.328891, -8.01182)
billboard = 2
texture_filter = 0
texture = ExtResource("2_hp1p2")
hframes = 2
script = ExtResource("3_2s0e2")

[node name="Tree85" type="Sprite3D" parent="Trees"]
transform = Transform3D(-0.953717, 0, 0.300706, 0, 1, 0, -0.300706, 0, -0.953717, -6.02536, 0.328891, -8.31024)
billboard = 2
texture_filter = 0
texture = ExtResource("2_hp1p2")
hframes = 2
script = ExtResource("3_2s0e2")

[node name="Tree86" type="Sprite3D" parent="Trees"]
transform = Transform3D(-0.953717, 0, 0.300706, 0, 1, 0, -0.300706, 0, -0.953717, -7.0906, 0.331152, -8.7517)
billboard = 2
texture_filter = 0
texture = ExtResource("2_hp1p2")
hframes = 2
script = ExtResource("3_2s0e2")

[node name="Tree87" type="Sprite3D" parent="Trees"]
transform = Transform3D(-0.953717, 0, 0.300706, 0, 1, 0, -0.300706, 0, -0.953717, -7.74361, 0.331152, -10.0061)
billboard = 2
texture_filter = 0
texture = ExtResource("2_hp1p2")
hframes = 2
script = ExtResource("3_2s0e2")

[node name="Tree88" type="Sprite3D" parent="Trees"]
transform = Transform3D(-0.953717, 0, 0.300706, 0, 1, 0, -0.300706, 0, -0.953717, -9.71251, 0.328891, -3.58293)
billboard = 2
texture_filter = 0
texture = ExtResource("2_hp1p2")
hframes = 2
script = ExtResource("3_2s0e2")

[node name="Tree89" type="Sprite3D" parent="Trees"]
transform = Transform3D(-0.953717, 0, 0.300706, 0, 1, 0, -0.300706, 0, -0.953717, -10.7349, 0.328891, -2.8774)
billboard = 2
texture_filter = 0
texture = ExtResource("2_hp1p2")
hframes = 2
script = ExtResource("3_2s0e2")

[node name="Tree90" type="Sprite3D" parent="Trees"]
transform = Transform3D(-0.953717, 0, 0.300706, 0, 1, 0, -0.300706, 0, -0.953717, -9.61672, 0.328891, -6.42392)
billboard = 2
texture_filter = 0
texture = ExtResource("2_hp1p2")
hframes = 2
script = ExtResource("3_2s0e2")

[node name="Tree91" type="Sprite3D" parent="Trees"]
transform = Transform3D(-0.953717, 0, 0.300706, 0, 1, 0, -0.300706, 0, -0.953717, -7.94897, 0.328891, -5.89808)
billboard = 2
texture_filter = 0
texture = ExtResource("2_hp1p2")
hframes = 2
script = ExtResource("3_2s0e2")

[node name="Tree92" type="Sprite3D" parent="Trees"]
transform = Transform3D(-0.953717, 0, 0.300706, 0, 1, 0, -0.300706, 0, -0.953717, -6.74236, 0.328891, -6.19649)
billboard = 2
texture_filter = 0
texture = ExtResource("2_hp1p2")
hframes = 2
script = ExtResource("3_2s0e2")

[node name="Tree93" type="Sprite3D" parent="Trees"]
transform = Transform3D(-0.953717, 0, 0.300706, 0, 1, 0, -0.300706, 0, -0.953717, -7.80759, 0.331152, -6.63796)
billboard = 2
texture_filter = 0
texture = ExtResource("2_hp1p2")
hframes = 2
script = ExtResource("3_2s0e2")

[node name="Tree94" type="Sprite3D" parent="Trees"]
transform = Transform3D(-0.953717, 0, 0.300706, 0, 1, 0, -0.300706, 0, -0.953717, -8.4606, 0.331152, -7.89238)
billboard = 2
texture_filter = 0
texture = ExtResource("2_hp1p2")
hframes = 2
script = ExtResource("3_2s0e2")

[node name="Tree95" type="Sprite3D" parent="Trees"]
transform = Transform3D(-0.953717, 0, 0.300706, 0, 1, 0, -0.300706, 0, -0.953717, -10.1292, 0.328891, -7.25085)
billboard = 2
texture_filter = 0
texture = ExtResource("2_hp1p2")
hframes = 2
script = ExtResource("3_2s0e2")

[node name="Tree96" type="Sprite3D" parent="Trees"]
transform = Transform3D(-0.953717, 0, 0.300706, 0, 1, 0, -0.300706, 0, -0.953717, -11.1516, 0.328891, -6.54531)
billboard = 2
texture_filter = 0
texture = ExtResource("2_hp1p2")
hframes = 2
script = ExtResource("3_2s0e2")

[node name="Tree97" type="Sprite3D" parent="Trees"]
transform = Transform3D(-0.953717, 0, 0.300706, 0, 1, 0, -0.300706, 0, -0.953717, -10.0334, 0.328891, -10.0918)
billboard = 2
texture_filter = 0
texture = ExtResource("2_hp1p2")
hframes = 2
script = ExtResource("3_2s0e2")

[node name="Tree98" type="Sprite3D" parent="Trees"]
transform = Transform3D(-0.953717, 0, 0.300706, 0, 1, 0, -0.300706, 0, -0.953717, -8.36562, 0.328891, -9.56599)
billboard = 2
texture_filter = 0
texture = ExtResource("2_hp1p2")
hframes = 2
script = ExtResource("3_2s0e2")

[node name="Tree99" type="Sprite3D" parent="Trees"]
transform = Transform3D(-0.953717, 0, 0.300706, 0, 1, 0, -0.300706, 0, -0.953717, -7.159, 0.328891, -9.86441)
billboard = 2
texture_filter = 0
texture = ExtResource("2_hp1p2")
hframes = 2
script = ExtResource("3_2s0e2")

[node name="Tree100" type="Sprite3D" parent="Trees"]
transform = Transform3D(-0.953717, 0, 0.300706, 0, 1, 0, -0.300706, 0, -0.953717, -8.22424, 0.331152, -10.3059)
billboard = 2
texture_filter = 0
texture = ExtResource("2_hp1p2")
hframes = 2
script = ExtResource("3_2s0e2")

[node name="Tree101" type="Sprite3D" parent="Trees"]
transform = Transform3D(-0.953717, 0, 0.300706, 0, 1, 0, -0.300706, 0, -0.953717, -8.87725, 0.331152, -11.5603)
billboard = 2
texture_filter = 0
texture = ExtResource("2_hp1p2")
hframes = 2
script = ExtResource("3_2s0e2")

[node name="Tree102" type="Sprite3D" parent="Trees"]
transform = Transform3D(-0.953717, 0, 0.300706, 0, 1, 0, -0.300706, 0, -0.953717, -10.9294, 0.328891, -5.64381)
billboard = 2
texture_filter = 0
texture = ExtResource("2_hp1p2")
hframes = 2
script = ExtResource("3_2s0e2")

[node name="Tree103" type="Sprite3D" parent="Trees"]
transform = Transform3D(-0.953717, 0, 0.300706, 0, 1, 0, -0.300706, 0, -0.953717, -11.9518, 0.328891, -4.93827)
billboard = 2
texture_filter = 0
texture = ExtResource("2_hp1p2")
hframes = 2
script = ExtResource("3_2s0e2")

[node name="Tree104" type="Sprite3D" parent="Trees"]
transform = Transform3D(-0.953717, 0, 0.300706, 0, 1, 0, -0.300706, 0, -0.953717, -10.8336, 0.328891, -8.48479)
billboard = 2
texture_filter = 0
texture = ExtResource("2_hp1p2")
hframes = 2
script = ExtResource("3_2s0e2")

[node name="Tree105" type="Sprite3D" parent="Trees"]
transform = Transform3D(-0.953717, 0, 0.300706, 0, 1, 0, -0.300706, 0, -0.953717, -9.16586, 0.328891, -7.95895)
billboard = 2
texture_filter = 0
texture = ExtResource("2_hp1p2")
hframes = 2
script = ExtResource("3_2s0e2")

[node name="Tree106" type="Sprite3D" parent="Trees"]
transform = Transform3D(-0.953717, 0, 0.300706, 0, 1, 0, -0.300706, 0, -0.953717, -7.95925, 0.328891, -8.25737)
billboard = 2
texture_filter = 0
texture = ExtResource("2_hp1p2")
hframes = 2
script = ExtResource("3_2s0e2")

[node name="Tree107" type="Sprite3D" parent="Trees"]
transform = Transform3D(-0.953717, 0, 0.300706, 0, 1, 0, -0.300706, 0, -0.953717, -9.02449, 0.331152, -8.69884)
billboard = 2
texture_filter = 0
texture = ExtResource("2_hp1p2")
hframes = 2
script = ExtResource("3_2s0e2")

[node name="Tree108" type="Sprite3D" parent="Trees"]
transform = Transform3D(-0.953717, 0, 0.300706, 0, 1, 0, -0.300706, 0, -0.953717, -9.6775, 0.331152, -9.95326)
billboard = 2
texture_filter = 0
texture = ExtResource("2_hp1p2")
hframes = 2
script = ExtResource("3_2s0e2")

[node name="Tree109" type="Sprite3D" parent="Trees"]
transform = Transform3D(-0.953717, 0, 0.300706, 0, 1, 0, -0.300706, 0, -0.953717, -8.99551, 0.328891, -5.69668)
billboard = 2
texture_filter = 0
texture = ExtResource("2_hp1p2")
hframes = 2
script = ExtResource("3_2s0e2")

[node name="Tree110" type="Sprite3D" parent="Trees"]
transform = Transform3D(-0.953717, 0, 0.300706, 0, 1, 0, -0.300706, 0, -0.953717, -10.0179, 0.328891, -4.99114)
billboard = 2
texture_filter = 0
texture = ExtResource("2_hp1p2")
hframes = 2
script = ExtResource("3_2s0e2")

[node name="Tree111" type="Sprite3D" parent="Trees"]
transform = Transform3D(-0.953717, 0, 0.300706, 0, 1, 0, -0.300706, 0, -0.953717, -8.89972, 0.328891, -8.53766)
billboard = 2
texture_filter = 0
texture = ExtResource("2_hp1p2")
hframes = 2
script = ExtResource("3_2s0e2")

[node name="Tree112" type="Sprite3D" parent="Trees"]
transform = Transform3D(-0.953717, 0, 0.300706, 0, 1, 0, -0.300706, 0, -0.953717, -7.23197, 0.328891, -8.01182)
billboard = 2
texture_filter = 0
texture = ExtResource("2_hp1p2")
hframes = 2
script = ExtResource("3_2s0e2")

[node name="Tree113" type="Sprite3D" parent="Trees"]
transform = Transform3D(-0.953717, 0, 0.300706, 0, 1, 0, -0.300706, 0, -0.953717, -6.02536, 0.328891, -8.31024)
billboard = 2
texture_filter = 0
texture = ExtResource("2_hp1p2")
hframes = 2
script = ExtResource("3_2s0e2")

[node name="Tree114" type="Sprite3D" parent="Trees"]
transform = Transform3D(-0.953717, 0, 0.300706, 0, 1, 0, -0.300706, 0, -0.953717, -7.0906, 0.331152, -8.7517)
billboard = 2
texture_filter = 0
texture = ExtResource("2_hp1p2")
hframes = 2
script = ExtResource("3_2s0e2")

[node name="Tree115" type="Sprite3D" parent="Trees"]
transform = Transform3D(-0.953717, 0, 0.300706, 0, 1, 0, -0.300706, 0, -0.953717, -7.74361, 0.331152, -10.0061)
billboard = 2
texture_filter = 0
texture = ExtResource("2_hp1p2")
hframes = 2
script = ExtResource("3_2s0e2")

[node name="Tree116" type="Sprite3D" parent="Trees"]
transform = Transform3D(-0.953717, 0, 0.300706, 0, 1, 0, -0.300706, 0, -0.953717, -9.71251, 0.328891, -3.58293)
billboard = 2
texture_filter = 0
texture = ExtResource("2_hp1p2")
hframes = 2
script = ExtResource("3_2s0e2")

[node name="Tree117" type="Sprite3D" parent="Trees"]
transform = Transform3D(-0.953717, 0, 0.300706, 0, 1, 0, -0.300706, 0, -0.953717, -10.7349, 0.328891, -2.8774)
billboard = 2
texture_filter = 0
texture = ExtResource("2_hp1p2")
hframes = 2
script = ExtResource("3_2s0e2")

[node name="Tree118" type="Sprite3D" parent="Trees"]
transform = Transform3D(-0.953717, 0, 0.300706, 0, 1, 0, -0.300706, 0, -0.953717, -9.61672, 0.328891, -6.42392)
billboard = 2
texture_filter = 0
texture = ExtResource("2_hp1p2")
hframes = 2
script = ExtResource("3_2s0e2")

[node name="Tree119" type="Sprite3D" parent="Trees"]
transform = Transform3D(-0.953717, 0, 0.300706, 0, 1, 0, -0.300706, 0, -0.953717, -7.94897, 0.328891, -5.89808)
billboard = 2
texture_filter = 0
texture = ExtResource("2_hp1p2")
hframes = 2
script = ExtResource("3_2s0e2")

[node name="Tree120" type="Sprite3D" parent="Trees"]
transform = Transform3D(-0.953717, 0, 0.300706, 0, 1, 0, -0.300706, 0, -0.953717, -6.74236, 0.328891, -6.19649)
billboard = 2
texture_filter = 0
texture = ExtResource("2_hp1p2")
hframes = 2
script = ExtResource("3_2s0e2")

[node name="Tree121" type="Sprite3D" parent="Trees"]
transform = Transform3D(-0.953717, 0, 0.300706, 0, 1, 0, -0.300706, 0, -0.953717, -7.80759, 0.331152, -6.63796)
billboard = 2
texture_filter = 0
texture = ExtResource("2_hp1p2")
hframes = 2
script = ExtResource("3_2s0e2")

[node name="Tree122" type="Sprite3D" parent="Trees"]
transform = Transform3D(-0.953717, 0, 0.300706, 0, 1, 0, -0.300706, 0, -0.953717, -8.4606, 0.331152, -7.89238)
billboard = 2
texture_filter = 0
texture = ExtResource("2_hp1p2")
hframes = 2
script = ExtResource("3_2s0e2")

[node name="Tree123" type="Sprite3D" parent="Trees"]
transform = Transform3D(-0.953717, 0, 0.300706, 0, 1, 0, -0.300706, 0, -0.953717, -10.1292, 0.328891, -7.25085)
billboard = 2
texture_filter = 0
texture = ExtResource("2_hp1p2")
hframes = 2
script = ExtResource("3_2s0e2")

[node name="Tree124" type="Sprite3D" parent="Trees"]
transform = Transform3D(-0.953717, 0, 0.300706, 0, 1, 0, -0.300706, 0, -0.953717, -11.1516, 0.328891, -6.54531)
billboard = 2
texture_filter = 0
texture = ExtResource("2_hp1p2")
hframes = 2
script = ExtResource("3_2s0e2")

[node name="Tree125" type="Sprite3D" parent="Trees"]
transform = Transform3D(-0.953717, 0, 0.300706, 0, 1, 0, -0.300706, 0, -0.953717, -10.0334, 0.328891, -10.0918)
billboard = 2
texture_filter = 0
texture = ExtResource("2_hp1p2")
hframes = 2
script = ExtResource("3_2s0e2")

[node name="Tree126" type="Sprite3D" parent="Trees"]
transform = Transform3D(-0.953717, 0, 0.300706, 0, 1, 0, -0.300706, 0, -0.953717, -8.36562, 0.328891, -9.56599)
billboard = 2
texture_filter = 0
texture = ExtResource("2_hp1p2")
hframes = 2
script = ExtResource("3_2s0e2")

[node name="Tree127" type="Sprite3D" parent="Trees"]
transform = Transform3D(-0.953717, 0, 0.300706, 0, 1, 0, -0.300706, 0, -0.953717, -7.159, 0.328891, -9.86441)
billboard = 2
texture_filter = 0
texture = ExtResource("2_hp1p2")
hframes = 2
script = ExtResource("3_2s0e2")

[node name="Tree128" type="Sprite3D" parent="Trees"]
transform = Transform3D(-0.953717, 0, 0.300706, 0, 1, 0, -0.300706, 0, -0.953717, -8.22424, 0.331152, -10.3059)
billboard = 2
texture_filter = 0
texture = ExtResource("2_hp1p2")
hframes = 2
script = ExtResource("3_2s0e2")

[node name="Tree129" type="Sprite3D" parent="Trees"]
transform = Transform3D(-0.953717, 0, 0.300706, 0, 1, 0, -0.300706, 0, -0.953717, -8.87725, 0.331152, -11.5603)
billboard = 2
texture_filter = 0
texture = ExtResource("2_hp1p2")
hframes = 2
script = ExtResource("3_2s0e2")

[node name="Tree130" type="Sprite3D" parent="Trees"]
transform = Transform3D(-0.953717, 0, 0.300706, 0, 1, 0, -0.300706, 0, -0.953717, -10.9294, 0.328891, -5.64381)
billboard = 2
texture_filter = 0
texture = ExtResource("2_hp1p2")
hframes = 2
script = ExtResource("3_2s0e2")

[node name="Tree131" type="Sprite3D" parent="Trees"]
transform = Transform3D(-0.953717, 0, 0.300706, 0, 1, 0, -0.300706, 0, -0.953717, -11.9518, 0.328891, -4.93827)
billboard = 2
texture_filter = 0
texture = ExtResource("2_hp1p2")
hframes = 2
script = ExtResource("3_2s0e2")

[node name="Tree132" type="Sprite3D" parent="Trees"]
transform = Transform3D(-0.953717, 0, 0.300706, 0, 1, 0, -0.300706, 0, -0.953717, -10.8336, 0.328891, -8.48479)
billboard = 2
texture_filter = 0
texture = ExtResource("2_hp1p2")
hframes = 2
script = ExtResource("3_2s0e2")

[node name="Tree133" type="Sprite3D" parent="Trees"]
transform = Transform3D(-0.953717, 0, 0.300706, 0, 1, 0, -0.300706, 0, -0.953717, -9.16586, 0.328891, -7.95895)
billboard = 2
texture_filter = 0
texture = ExtResource("2_hp1p2")
hframes = 2
script = ExtResource("3_2s0e2")

[node name="Tree134" type="Sprite3D" parent="Trees"]
transform = Transform3D(-0.953717, 0, 0.300706, 0, 1, 0, -0.300706, 0, -0.953717, -7.95925, 0.328891, -8.25737)
billboard = 2
texture_filter = 0
texture = ExtResource("2_hp1p2")
hframes = 2
script = ExtResource("3_2s0e2")

[node name="Tree135" type="Sprite3D" parent="Trees"]
transform = Transform3D(-0.953717, 0, 0.300706, 0, 1, 0, -0.300706, 0, -0.953717, -9.02449, 0.331152, -8.69884)
billboard = 2
texture_filter = 0
texture = ExtResource("2_hp1p2")
hframes = 2
script = ExtResource("3_2s0e2")

[node name="Tree136" type="Sprite3D" parent="Trees"]
transform = Transform3D(-0.953717, 0, 0.300706, 0, 1, 0, -0.300706, 0, -0.953717, -9.6775, 0.331152, -9.95326)
billboard = 2
texture_filter = 0
texture = ExtResource("2_hp1p2")
hframes = 2
script = ExtResource("3_2s0e2")

[node name="Tree137" type="Sprite3D" parent="Trees"]
transform = Transform3D(-0.977772, 0, -0.20967, 0, 1, 0, 0.20967, 0, -0.977772, -9.48432, 0.328891, 3.41412)
billboard = 2
texture_filter = 0
texture = ExtResource("2_hp1p2")
hframes = 2
script = ExtResource("3_2s0e2")

[node name="Tree138" type="Sprite3D" parent="Trees"]
transform = Transform3D(-0.977772, 0, -0.20967, 0, 1, 0, 0.20967, 0, -0.977772, -10.0248, 0.328891, 4.53263)
billboard = 2
texture_filter = 0
texture = ExtResource("2_hp1p2")
hframes = 2
script = ExtResource("3_2s0e2")

[node name="Tree139" type="Sprite3D" parent="Trees"]
transform = Transform3D(-0.977772, 0, -0.20967, 0, 1, 0, 0.20967, 0, -0.977772, -10.8044, 0.328891, 0.896659)
billboard = 2
texture_filter = 0
texture = ExtResource("2_hp1p2")
hframes = 2
script = ExtResource("3_2s0e2")

